 (2i6)
     1     2 group order, spins
 (/ 3f18.14 / 3f18.14 / 3f18.14)
c Element  1
  1.00000000000000  .000000000000000  .000000000000000
  .000000000000000  1.00000000000000  .000000000000000
  .000000000000000  .000000000000000  1.00000000000000
c Element  2
 -.500000000000000  .866025403784438  .000000000000000
 -.866025403784438 -.500000000000000  .000000000000000
  .000000000000000  .000000000000000  1.00000000000000
c Element  3
 -.500000000000000 -.866025403784438  .000000000000000
  .866025403784438 -.500000000000000  .000000000000000
  .000000000000000  .000000000000000  1.00000000000000
c Element  4
 -.500000000000000  .866025403784438  .000000000000000
  .866025403784438  .500000000000000  .000000000000000
  .000000000000000  .000000000000000 -1.00000000000000
c Element  5
  1.00000000000000  .000000000000000  .000000000000000
  .000000000000000 -1.00000000000000  .000000000000000
  .000000000000000  .000000000000000 -1.00000000000000
c Element  6
 -.500000000000000 -.866025403784438  .000000000000000
 -.866025403784438  .500000000000000  .000000000000000
  .000000000000000  .000000000000000 -1.00000000000000
c Element  7
  .500000000000000  .866025403784438  .000000000000000
  .866025403784438 -.500000000000000  .000000000000000
  .000000000000000  .000000000000000  1.00000000000000
c Element  8
 -1.00000000000000  .000000000000000  .000000000000000
  .000000000000000 -1.00000000000000  .000000000000000
  .000000000000000  .000000000000000 -1.00000000000000
c Element  9
 -1.00000000000000  .000000000000000  .000000000000000
  .000000000000000  1.00000000000000  .000000000000000
  .000000000000000  .000000000000000  1.00000000000000
c Element 10
  .500000000000000  .866025403784438  .000000000000000
 -.866025403784438  .500000000000000  .000000000000000
  .000000000000000  .000000000000000 -1.00000000000000
c Element 11
  .500000000000000 -.866025403784438  .000000000000000
  .866025403784438  .500000000000000  .000000000000000
  .000000000000000  .000000000000000 -1.00000000000000
c Element 12
  .500000000000000 -.866025403784438  .000000000000000
 -.866025403784438 -.500000000000000  .000000000000000
  .000000000000000  .000000000000000  1.00000000000000
 (3i6)
     1    18    27 types, nthdim, nchdim
                          (/ 3x, i6) read number of sites
     (6x, 3f18.14 / 6x, 3f18.14, i6) read tau and Euler angles
                            (3x, i6) read number of harmonics
                            (6x, i6) read l for harmonic
                            (9x, i6) read number of components
                   (9x, i6, 2f18.14) read components
   Harmonics for type     1
        2 sites of type 1
        .333333333333333 -.333333333333333  .250000000000000
        .000000000000000  .000000000000000  .000000000000000     1
       -.333333333333333  .333333333333333 -.250000000000000
       -1.04719755119659  3.14159265358979  .000000000000000     1
       18 number of harmonics for type 1
           0 L for harmonic 1 type 1
              1 number of components for harmonic 1 type 1
              0  1.00000000000000  .000000000000000  m, c(m)
           1 L for harmonic 2 type 1
              1 number of components for harmonic 2 type 1
              0  .000000000000000  1.00000000000000  m, c(m)
           2 L for harmonic 3 type 1
              1 number of components for harmonic 3 type 1
              0 -1.00000000000000  .000000000000000  m, c(m)
           3 L for harmonic 4 type 1
              2 number of components for harmonic 4 type 1
             -3  .707106781186547  .000000000000000  m, c(m)
              3  .707106781186547  .000000000000000  m, c(m)
           3 L for harmonic 5 type 1
              1 number of components for harmonic 5 type 1
              0  .000000000000000 -1.00000000000000  m, c(m)
           4 L for harmonic 6 type 1
              2 number of components for harmonic 6 type 1
             -3  .000000000000000  .707106781186547  m, c(m)
              3  .000000000000000  .707106781186547  m, c(m)
           4 L for harmonic 7 type 1
              1 number of components for harmonic 7 type 1
              0  1.00000000000000  .000000000000000  m, c(m)
           5 L for harmonic 8 type 1
              2 number of components for harmonic 8 type 1
             -3 -.707106781186547  .000000000000000  m, c(m)
              3 -.707106781186547  .000000000000000  m, c(m)
           5 L for harmonic 9 type 1
              1 number of components for harmonic 9 type 1
              0  .000000000000000  1.00000000000000  m, c(m)
           6 L for harmonic 10 type 1
              2 number of components for harmonic 10 type 1
             -3  .000000000000000 -.707106781186547  m, c(m)
              3  .000000000000000 -.707106781186547  m, c(m)
           6 L for harmonic 11 type 1
              1 number of components for harmonic 11 type 1
              0 -1.00000000000000  .000000000000000  m, c(m)
           6 L for harmonic 12 type 1
              2 number of components for harmonic 12 type 1
             -6 -.707106781186547  .000000000000000  m, c(m)
              6 -.707106781186547  .000000000000000  m, c(m)
           7 L for harmonic 13 type 1
              2 number of components for harmonic 13 type 1
             -3  .707106781186547  .000000000000000  m, c(m)
              3  .707106781186547  .000000000000000  m, c(m)
           7 L for harmonic 14 type 1
              1 number of components for harmonic 14 type 1
              0  .000000000000000 -1.00000000000000  m, c(m)
           7 L for harmonic 15 type 1
              2 number of components for harmonic 15 type 1
             -6  .000000000000000 -.707106781186547  m, c(m)
              6  .000000000000000 -.707106781186547  m, c(m)
           8 L for harmonic 16 type 1
              2 number of components for harmonic 16 type 1
             -3  .000000000000000  .707106781186547  m, c(m)
              3  .000000000000000  .707106781186547  m, c(m)
           8 L for harmonic 17 type 1
              1 number of components for harmonic 17 type 1
              0  1.00000000000000  .000000000000000  m, c(m)
           8 L for harmonic 18 type 1
              2 number of components for harmonic 18 type 1
             -6  .707106781186547  .000000000000000  m, c(m)
              6  .707106781186547  .000000000000000  m, c(m)
########################################################################
 Harmonic dimensions:
     L   nth   nch  type     h(type)
     0     1     1     1           1
     1     2     2     1           2
     2     3     3     1           3
     3     5     6     1           5
     4     7     9     1           7
     5     9    12     1           9
     6    12    17     1          12
     7    15    22     1          15
     8    18    27     1          18
