#      order       spins
          12           2
#              Pi1               Pi2               Pi3                       p
# element 0
  1.00000000000000  .000000000000000  .000000000000000        .000000000000000
  .000000000000000  1.00000000000000  .000000000000000        .000000000000000
  .000000000000000  .000000000000000  1.00000000000000        .000000000000000
# element 1
 -.500000000000000  .866025403784438  .000000000000000        .000000000000000
 -.866025403784438 -.500000000000000  .000000000000000        .000000000000000
  .000000000000000  .000000000000000  1.00000000000000        .000000000000000
# element 2
 -.500000000000000 -.866025403784438  .000000000000000        .000000000000000
  .866025403784438 -.500000000000000  .000000000000000        .000000000000000
  .000000000000000  .000000000000000  1.00000000000000        .000000000000000
# element 3
 -.500000000000000  .866025403784438  .000000000000000        .000000000000000
  .866025403784438  .500000000000000  .000000000000000        .000000000000000
  .000000000000000  .000000000000000 -1.00000000000000        .000000000000000
# element 4
  1.00000000000000  .000000000000000  .000000000000000        .000000000000000
  .000000000000000 -1.00000000000000  .000000000000000        .000000000000000
  .000000000000000  .000000000000000 -1.00000000000000        .000000000000000
# element 5
 -.500000000000000 -.866025403784438  .000000000000000        .000000000000000
 -.866025403784438  .500000000000000  .000000000000000        .000000000000000
  .000000000000000  .000000000000000 -1.00000000000000        .000000000000000
# element 6
  .500000000000000  .866025403784438  .000000000000000        .000000000000000
  .866025403784438 -.500000000000000  .000000000000000        .000000000000000
  .000000000000000  .000000000000000  1.00000000000000        .000000000000000
# element 7
 -1.00000000000000  .000000000000000  .000000000000000        .000000000000000
  .000000000000000 -1.00000000000000  .000000000000000        .000000000000000
  .000000000000000  .000000000000000 -1.00000000000000        .000000000000000
# element 8
 -1.00000000000000  .000000000000000  .000000000000000        .000000000000000
  .000000000000000  1.00000000000000  .000000000000000        .000000000000000
  .000000000000000  .000000000000000  1.00000000000000        .000000000000000
# element 9
  .500000000000000  .866025403784438  .000000000000000        .000000000000000
 -.866025403784438  .500000000000000  .000000000000000        .000000000000000
  .000000000000000  .000000000000000 -1.00000000000000        .000000000000000
# element 10
  .500000000000000 -.866025403784438  .000000000000000        .000000000000000
  .866025403784438  .500000000000000  .000000000000000        .000000000000000
  .000000000000000  .000000000000000 -1.00000000000000        .000000000000000
# element 11
  .500000000000000 -.866025403784438  .000000000000000        .000000000000000
 -.866025403784438 -.500000000000000  .000000000000000        .000000000000000
  .000000000000000  .000000000000000  1.00000000000000        .000000000000000
#      types
           1
# type 0
           2 # site(s)
  .333333333333333 -.333333333333333  .250000000000000       #     tau 0
  .000000000000000  .000000000000000  .000000000000000     1 #     alpha, beta, gamma, inversion
 -.333333333333333  .333333333333333 -.250000000000000       #     tau 1
 -1.04719755119659  3.14159265358979  .000000000000000     1 #     alpha, beta, gamma, inversion
          18 # harmonics
#    L     n     m                ar                ai
     0     1     0  1.00000000000000  .000000000000000 # harmonic 0
     1     1     0  .000000000000000  1.00000000000000 # harmonic 1
     2     1     0 -1.00000000000000  .000000000000000 # harmonic 2
     3     2    -3  .707106781186547  .000000000000000 # harmonic 3
                 3  .707106781186547  .000000000000000
     3     1     0  .000000000000000 -1.00000000000000 # harmonic 4
     4     2    -3  .000000000000000  .707106781186547 # harmonic 5
                 3  .000000000000000  .707106781186547
     4     1     0  1.00000000000000  .000000000000000 # harmonic 6
     5     2    -3 -.707106781186547  .000000000000000 # harmonic 7
                 3 -.707106781186547  .000000000000000
     5     1     0  .000000000000000  1.00000000000000 # harmonic 8
     6     2    -3  .000000000000000 -.707106781186547 # harmonic 9
                 3  .000000000000000 -.707106781186547
     6     1     0 -1.00000000000000  .000000000000000 # harmonic 10
     6     2    -6 -.707106781186547  .000000000000000 # harmonic 11
                 6 -.707106781186547  .000000000000000
     7     2    -3  .707106781186547  .000000000000000 # harmonic 12
                 3  .707106781186547  .000000000000000
     7     1     0  .000000000000000 -1.00000000000000 # harmonic 13
     7     2    -6  .000000000000000 -.707106781186547 # harmonic 14
                 6  .000000000000000 -.707106781186547
     8     2    -3  .000000000000000  .707106781186547 # harmonic 15
                 3  .000000000000000  .707106781186547
     8     1     0  1.00000000000000  .000000000000000 # harmonic 16
     8     2    -6  .707106781186547  .000000000000000 # harmonic 17
                 6  .707106781186547  .000000000000000
